00010001000000010101000001000101000101010101000101000100000001010101000011111101001110010110110011110010010011101111101111111010101100001001000010101000
10110100011100001010011001010100010000111110001011111100101110110010110101111011100110101010100001101001100110000111110011110101110000110001000010110010111111011001001010011110001100110001000110111100
10000101111100100010001010110111110100110110110010000111110100010101000000111100011010101101101100101010110011110010011011000010110111100101001111100110100111000001111100001111110110111001001011000010
00110101011011011101000100110111011110001010100011010101101000010000101000100110100010100101000000011001010010001111100000110001110110000101100000110000111110101110000110000010100001111011100010010010
00101001011100110011100001010100011010011011010111110010011101010110010010010010111101011111001100110001011100100101101100101110110001100101111010101101110011100101101110001010110000110001100101000110
10000000010111011110110101011101010010111100010101000011100101110101011110111111101100011101110010100011011011000001010010111011111110001100100101111000010100101100110010111100010111001100000010011000
00010000010110000110011101111001110101111001100001010100011011000110101000111010100111010011110111000011111011001100100101101110010111101010001010101001001001001000111100101000100100101111011001101010
11101000100010100100101101111011011001001101101010001110110101111010101010101101010010111011011110001101011110110101011011100001010010010101110000000011011101001110110010010101101010101000101000101100
00101010101000000001100100111101110111101110111011110011011010101000000000010000000001101101100011001011110001000100100101000111011001110000100110000001001010000111110101111110000000011101110110010001
10111111001100100001110101000011111011011100010001111001000101001110111100100011111010101011110110111100010110101100011101001110100101001110000111110000011010011010110001001001110000010110000100100011
00111010100011001110000001001100101110101101110110111100000111110011110100011111110111100010010010001101000001101110000101010001001000100010110100111110011111101100110010101110011010100010000100000001
10001111001110110100001000000001010000101011010000011001100011100000011000101010010111010000010011110001110110010110010101010100000000010001100110110100111110001101110000101011010010011110111110101010
11000110111011110110101100101100000001111011010100000001010011111010000000010000011100000001100100001100110011000101011100011100001010011010001101101001000011101011110101101110001010010011100001000011
10110110111101001110000010111001011100101000100011010110001000101000100000000111101111111011001101011001111011101010110101011101000100011010111101100011010011011111001011100100101000110010011100010110
11001110001011101010000100000010110010111100001011010010111101110110101011100100011000101110011001101001011000111010101011111001000100001110001011100111101011110000111110110001110010110001000010011011
01101111010100101100101011001001110011100010000100000101000100010000010101010100000000010000010101010100000100010101010000010000000101000000000000010100010101000001000001000100000100010001010100000100
00010101000000000101010100010001000101000000010101010101010100000100010001010000000000000000000100010000010101000000000100000100000100010100010100000100010101000000000100010101000001010001000000000000
00000001000100010101000101010100010000010101010000000001010100000100000001010001000000000101000100010001010101000100000000000100010101010100000101010000010101000000000101000101000000000001000000010000
00000001010001010100000100000100000100000101000100010101010001000101000100000100010001000001000001000001010101010000000100000101000101000000000001010101000100010000000101010000000100001100111000101111
01100000000011000000101111110001010001011100010111011011011011011101011000011011001100010000101100110110000011011111011001000001111011001011101001111100111101011111100110100001101100010001001001010100
01111010101101111110111111101011001110100111101100000010100010010110111010000010011110101100011101101111111100101001001110100101111101110011110111000010110111000111000101111000111101000111110110011010
10111100010111100101101000000010111001010001011001011111010001110000001111110110010100110101010000111101011111100110101011011010011100100111110101000110111001011111010101000100111000110111001101001001
10001111110100100110011101101000000011000110100111000110110110110011001111101100100111011011110111001100111101011100010001011110100010011000010100001001000000100000110111111101111100010110100100111011
00010101011001101100000011010011111100110100010111000110110010110111001010101000000011110000111110011111011010000001001001000110010110010010010110111110100110001101101110111110111000101010011101000111
01000110010011110001111100110101011110110000111101000101011101110110000011101101011010010100011000010101010001001011101110011111110010000100110110111111010010101100110010001011110110110001000100001100
00111011010001000101010010001111001010101100001111001000010111010100111000101001100100011110111000011101000111011101101000101011010011100100101010010010011100010100111011000010111010101010100001001111
11001100110110011000100100111110011010111110111010111111101111111010111110111010101110101011111111111110111111111011101011101010111110111110111111111110111110101010111111101111101111101010111110101010
10111110101110111011111111111111111111111011101010101010101010111010101111101011101111101010111010111011101111111010111011111010101010111011101111101111101011101011111010101010101110111111101110101010
11111110111110101111101110111011111011101110111111111010101110111011111110111010101011111111111010111010101010101011101010101110101010111111101011101010111011101110101011101010101110111111101010111011
10111110111111101110111011101111111110101111101111111010111110111110101111111110111110111011111111111011111010101110111110101110111111111110111110101010111010111011101110101011111110101110101011111110
10101110101011111110101110101110111111111011111110101010101010101111111110111010111011101111101011101011111011101111101010101110101110101011111010111110101011101011111011101011111111101011111110101111
10101110111110101110111111111111101110111010101010111011101111111110101010101110101010111010111111111111111111111011101110101111111010111110111111101010101110101111111111111111111011101011111011111011
11101110101010101010101111101011101111111011111110111011101111101011101011111111111010111011101010101110101111111110101010101011111111111010101111111011111111101011111010111011111111101110111111111110
11101011111011111010111010101110111110101111101011101010101011111010101010101010111011111010111010101011101101000001101010000011000010011001010001110001011011101011100110111100010101100000110110101100
01010011001010100000101110000100110111011100110111111011000111000111111000110100000101000000011000010100110100010000011010000000001110010011100010110111101110000101110110100100011000011110001100101011
10101101010010001000001101101001000000111110001101001101111100011011101111001011100000010010010100101001110111010001001010011010011110100001111010000001010001011101101010010101110000110001011010001011
00010011000001000111000010001011101010011011010000111101100110100101111010011100001011001111011111011011100000010000011110011101110000000101000101101100101001111010011111011001111101011011110101101101
10111101110111100110111101011011010100110001000001010000010100010000000000010001000101010101000001010100000101000000000101000000010001010101010001000001010000000001000101000001010101000100010101000001
00010100010101000101000100000101010001000101010100000100000100010001000101010100000001010000000000010000000001000001000101010101010000000001000000000101010000010100010001000101010101010001010100000000
00000100000001000000000100000001000100000100000001000000000000000100010000010101000101010000000000010000010001000100000001010101010100000001000101010000000100000001010001000101010000010100000100010100
00010100010101010001000001010101000001000000010001010100010001000100000101000101010100010001000001010100010101000100010001000000010001000100000000000100000000010101000001000000010001010101000100010101
00010101010101010001000000010101000000000000010100000101010000010001000101010100000001000001010101010001010100000100010001010000010001000000010001010001010000010001000001000100000101000101010001000100
01010001010100010100000000010101000101010000010001010101000001010100010000000001010000010100010000000101000001000000000000000001000001000101000000010001000000010101000100010001000101000000010101010000
01000101000101000000010101010100010000000100010001000101000000010101000000010000000100010001010000010000010101010100000000000000010001000000000101000000000000010000010000010100010000010001000101000000
01010001000000000001000100000001010100000100010100010101010100010100010000000101010100000100010001000001011011001111001001001110111110111111101010110000100100001010100010110100011100001010011001010100
01000011111000101111110010111011001011010111101110011010101010000110100110011000011111001111010111000011000100001011001011111101100100101001111000110011000100011011110010000101111100100010001010110111
11010011011011001000011111010001010100000011110001101010110110110010101011001111001001101100001011011110010100111110011010011100000111110000111111011011100100101100001000110101011011011101000100110111
01111000101010001101010110100001000010100010011010001010010100000001100101001000111110000011000111011000010110000011000011111010111000011000001010000111101110001001001000101001011100110011100001010100
01101001101101011111111010100011001011101001000101011010011101000010101110011010110101010110100101111111101000011001010111010111101110000000011001110111000110111010010100101001011001001010011101010011
11000100010010000011111010011001011010010001101101011011010001000011011101011110010101001001011100100000101010010001100011000011111111001111010110000011110010111101110011001111100100000110000011101001
10110101010001010111000011001110100101110010001110001100111011001100011110111100001110110010010110110111111011110010011110010000010001010011010111110100001111110001010100101110000111001111110000000111
01111010111101011101011010001000111100000001000000000100110010011001100110010011001100000011100111001000100001110101101100111110011010100010110001100100100011101000111000011011110000000000001011010011
00110000010001110001011001010101110101100110000000101000001101000110100010000111110010000010000101010110111110001001001000011100110011001101010110110110101000111101000000110100011011110100100100100010
01100101101101100110100111100001100110100110110101101010111010011010110101110010000001100011110000001010111010010011010010001110100000010000001010010011111000000111101110110111011111001001000101010101
11011111000001110010010011101110001010110000100001111001011010100001101001010100000100001000000111010010011111001100011101111010110100011110100110010101111100110100101001111001001110110011010011001011
00110111011011000110101011011110110101101111111100101000001111111010010111001000100110110011100010110000010000010101000001010001000100000001000100000101000101010100000100000101010101000100010100000101
01000101010000010000010000000001010000000000010001010100000001000000010101000000000000010100000100000001010101010101000001000100010100010001010000000000010101010101010001000100000101000000000101000100
01010100000001000100000001000100000000000000010000010001000101000100000101000100000000000001010000010101000101010100010000010100010000010101010001000100000101010000010101010001010101000001000001000101
0001010001000001010100010001010101010100010001010000010100010101000100000100010101000101010000010101010101010100