1001111100110101011001111110011100110110100001011111110110100101010011011001110000111110010000100110000100100111111010100111100101110001
11001110100111000111100111111101100010010010011100000001111001100110001001000010011111010111111010000110001000000111010110101011001000101001100001100010100011111101100001110100000001111111111010111101
10111011011001010010110010101000101101111011000000100010111000000011010000110010110110100001110101110101100001111101000011011011111010111110101011000101000000001000011101011001110101111010010101011001
11011000010000011000100011100010100010000100000110000011011001101001001101010001111100100011111111101011111010111101001011010010000110111110010001011000101101010000101011111100010110010111100000011100
11101000101000010001100000010010100010000010100010001101011110100111101100110011010001010011000110011100110011110011011110110100110111111111110100100000010000111000001010000101011001110111101011000000
01011001001110010110000000100010110011010001010010111011111101100000110000100011011010001010110001000011111000100011101110100111001110110101001100110011011110110111011100001000101010111001101000100001
10011001000111111110111100111100001111110011011010001010100011001011000010001000000100101111110101110000001000101100001111010100001111111010101010001001100001101001101111010011111111101111101111110001
10111001101111010111011000000111001001011001010110111001001110000011101100100000110001110110000101010010010000101111111011110100101000011111010100100111111001111001010111001000000001111010011111110111
00111000100010100100011001010111101011101011100001001011000001010110010001001000100111111101110000000011011101010111101001110100111000011000100010001100110010101101101101011000101011000011000100001110
00010101010011110000011011010110111010110010010111010010100100010010011000011110000011010000001000001100111111000001000011100110000110101010000000001111010000110100110010000011010001000011101111111011
01011000100000110111010010000111001110011001101111000010011100110011001111111110101010010110101010001111010101000011001001110011111000101101000110011001100101111001110011111101000001111000111010010110
10101010001111011110010111101011010100010000100101111000101001111100101101110000011100010111010010011010011110010111111011110111000110100011111001101010111010110100000110100100110101011001010100010110
10010011001000011110111010111011110100000110010011101111101010010001101101101100001000010111011110100000010001110100101100010101000110000011010010111110111000101010101001000101111111101001100111011001
01000010100110011100000101011101101010100100100000110010101110001010110011010001011011111001010101101001100100101100001010001010110110111110011001001111111011111001011100101010101110001011110111111000
00000100101111001001100101001010010100011001011101101100100000001011010101101010111001110010011000100000000100010101111000100100011101001001101101100110010011111010011001100011100010100111010101100011
00001111101110101101111111101010110101010110111000110010000000110011100111101000101100111100011010110101011001101100110100110010001010000100010010011111110010001001011011100000110010000100000011100000
10011101110001111101101010101111001101001001100001101100100111110010111010001100100010001010100100010010000000010001110110011001010001010000111100100100101000111111001011101010100111100000110011111001
00000011001000001101100111010101001001011000101110011101101110010000010001000010101001110001101001110101101101001111110110011001010001011101010011110010110101100101110010001001100010000001010010011110
00011000100001000101101101100111110001000101101111110100000111111101001010000110011110010000101100111100001010101010110110100000110111000011100110100110110111110011111000110110000110010011011100110000
11111000100101101110101010011101001100111111001101010000000010111011111000110001001010100101001111000011011100011000111001000111011010011010010100001100111111100111111110011000001101000111100101010110
01100010100100100010001000100101010010111010101100111000101000010100100000001001000000001001010100111100010011001000011010111010000001110001100000100100101110000001010110110010101111110101001111000001
00000010100111011011001011001110111110000101101110101100110000101111001001000011101010011000101100000111101111000001110001110010100111111101100101110001000010011010010010000011100000110101011100010100
11111101100010101111011101010001001000011010000100100011001110110010001101101111111110101100010011111111000000011111000101101110011000111101100101011001110010110111110100101011001100010010000011110101
01011111101011101101101010110111110101010100011110000101101000000100011011111000010111000101110101011001100010011101011000011001100011100000001001110110011010010101010111110011000001110101100101101100
01100010011110101110101000010001111010110001101110011111010110110000000011001000011011011100000100001010111110110111001001011101101110100001111000100001111001001110010110111111001110111110011011010110
00001000010101100110101000001101100010111011001000001101011011111001101101110000101010111000100101101101001101101111010101101101110010110100111101101001010111100111010010001011001010100010101111111110
11000000100110010001110110011010101110011001100101010010000010011110011111110100001111101010011101110110010011000100011011011101101101110110001000110100000101001100011111011111010101110110110000011111
00011001110011010001101100011111000001110000111111110101000000001000001101111001110011110010011011010101101011011101100001101010011101111011111000000111011011100101111111000001000010010111000011011110
10010000110101111100010100000111111000000110100101010011000100011110000101000010110000110010101010010110011101110011010100101010110011111011100001001100111010010011000100110100001010010100110111001110
01101111010000000001111100000011110101011011001001101110011000010001001110111011000011100100000110010011011011110011101110000000011101110000011011111000111101010110010010101100011101101010111111011010
01101011101011001011110111111100110110001101110111001011010000100100111101000001010011110101011001101111011101101101000110101000111100010010001111001000101100001011101101111101110011101101100011001101
10011011100100100101010100000000000100001011001100110001101101110101110101000111000011001110100000001001001011011011001100111011010011111010001010011111110111001000000110110010011111100010100110110110
00011110011101001001001001011010010001011110010001011111001001011001111101000110101000111010100001010000001010111111100001111000011000000010010000010010000010001111011010000001011111010010001101001111
01000101111011000100100101101001110001110101100000011000110000111110000100100011110011100100011101111111110001100111010011101101000010100100001111111011010110101001000010111110110001100011110111100001
11000110110000001110100000111001010100000111110110100111110011101101111001111010000110000001111100001011001000100001101000110010111000000100110100101101011110000001011001000001011000001101000101001111
10010111100001010010000011101010110100000000101000110010010001010010000111010001100101100101111011001111110100111000110001000100111101010000010100010100000101011011110000011101101100010110111100001101
01011010101110010101011011110110100000110000011101001000100000100011110110110001111010011010111001110100001101110110011010111010110010000011101000111101010111110110011110011001000000111100010111110111
10111010111011110111101111101010011100101101000101111001010101001000001000100011100010100001110111111101011001100010011110000010010101000010101000010011111101111001001111100101011100001110111011001100
01111000111111010001101100000000000011111011000011011101100110000100001100010001101010100110000110100000010011110001000000110001100101011111010011010010110011000111100100110101011010111111011001000100
01010010111000111010001100101100101000100001000010001001011111101010000000011110000111101011110101000011000011000101111101001010010110100010010010101101000010100010011000011100010011011001111000110101
11010001110110110110011000111011100110110110010100001111100111010000001001001101101001000000111100100111110010101110110000000010001101100010101100001100111101000010100100010100000101100110111110010100
11111100011110101010111101010100110000001010110100001000100101000010001110001011011011011000010101001101001101101001010001000011100110100101000000110000001001001011100100111101110011001100100101101110
10001001001100110010111100111111010000100011100110100001011001001011100101011011110110100100110111001100111010000101110111011010000101111111100010010111110011110010111110101010010011000011001000000011
10011101011100111001110000100111011010011010110000111010100000100111010111000011011011000000010111000010010111011010111011011101101101101101101000001111100001001010010101001110101000110101001000011010
01000111110111000000111000110011100001010110111111011001010111010110111100000100010100000011111110110100100011011010001001000101001010101100110110110011001011101101011001111011111010010110011000001101
10010011011110101100011010111010110110001101101011010001000000100000000011000100101100101011010010000110001111001001110111111100010001101010010001100110111110010000001110110001111011110100110110001101
10001100000101111111100101011111111000100100100010110011001001001001110011111111101100010101000100001011110000111111000111011000110101111110101010011101000001101010111000001000111001111111101011111111
10111110000110111110000101001110111000001110111000011010111001000001001000100010011111001100111100010000110000101110100000011010001011011100011011000000001110010101111000101011110000101100011010001100
01001101011100000111001001000001110000100101111000001101011111111110011010010101100011100000011011100110011001111101101111011101011100011001100000110010110010100010000111001010101100111100111001111100
10011101011111010011000110111101010110110110011001100010111110101110100011010101100001011010001100010000000001110010010111110110010101111110101101010001001110110101011111100101100000101100111010001010
01001100010111011000000100000111111001110101101100101111110011111000000011011000010111101110110001110111111111001010110010110011010111100001000011110110001000011000101001101010011100110101111111101000
10110110100010011010001001100111100100011000100101001001101001011111111101100011010011001011110010000101000011111100110100100110111000110000110000111000100000101111100010011111001000001110101111110000
10100100101100111001111100100110000110110101011110100101011111000010111101100110011010100011110111011000000110100001011010110010101110001011011001011000011000000100111110001011100011010010110100000001
10001010011010110000111011010001110111101011100010111110110101100101101110011101100000100011100000100100100110101110010110100011000110000110000100000101111111011000101011101110010110000110000001010111
10011101001000110100100011000110010100011101110000101011000100111110111111101111010110100100001110100010111010101110011011111011111111110011011000100001111100011000111111001101001110100101001001110110
10000111001000000001010110011000001111101011000110101110001010000110000111101010010111011100101101101010000000101001001011111101001110001101111111100000000001011100111011011011100011010011010111001010
11101010100111101010111110011111001100110110100110111010011000001011001111001100010000000110011011011110010111010110010001100010111000100010110101111110111011111100001000000010010101010011011010011011
11011000100011001101111110000000100100010011101101001000101110001110101111101011101111110100011110111100100001000001000111000100110010100100011111000111101101100011010001010010100011111011110100011111
01011111101010110110010000100011010111001110011000000100011001110110111011001100010110111101110011000100000000111111100010011110