11001010101111010001001011101111000101101100110000110001000011010000011000011010110010001110010010110101110010001100101011001011111101011011110000010110100010110010010110100000011001000111001011011111
01101101110001101000100110101111000100001110111100111100000110101111010111111001100000000100011011001111000111001110111100101101110100001000111100000010001011011010010011010000110101001011010000111011
11011011001110110011000001000001111101111111110111011100011010011110010111100101111101100111001101011010011010010001101100011010111110001100110001110000010011000100011101000100000110011101111011010101
10000111001100000011010101001010111001010101100010011010011011010111101010111010101100001010001110000010000111011011101111011011111001010101000101100011111010011010010011101111110100010101010011101100
01111011100101001101000000011010000011001011101111000101001111110111100011101101110011101111010001101110110000001011011011111011000111101101111001111110100011001100111110101011111110101001110110010011
11001011100000101001101011010101101001110111101011111000001110101000001000010010111011000110011100000101100010011101000010011011010111100011001110110110000100010010010011111010101111111101110100010001
00110011010001110011000001010100111001100001000000001111101110100010111100111010101110110000001001110000000010110111100110100010001101101000111100100010101101110011001110010100001110011111111000111010
10101010011101111110101110000100110001000000111111110110010101011110101000110111011011101010011100000000110011011110000100101011010011011001001101011010000011101110101011011101111101001110111111100010
11100110100111101001010111100010110111100010100001110101010010010110101110001100001001100011111010000101011010011101111100000110101000010011011010100010000000101110101101000101101001101111100100101010
11101100011100101011000100101101000110101011001011101010100010100000010100011111010000100010010100110111000011101011101101111110100101001011011100010000001110000001110000011001011110000110101110110110
10100111011010111011101101111110000101100000000110100001110001000000011000100100010100100000010100110111101000001100010000110101010111011111111011001010011101110011010001000111111011110100100011011011
11101100001110110110001100000110010101111111111101000000000100011001011000100101011100101100000101011011001001100000010111010000111011001101010110101011110001010111010000111110010000000100001000011100
10001010100010000101110001010110111010101011110011011100110110011110110101111101100010110010111110110000100101010001100001101001111001010011101000001101101010110101001000100010110100100010110100001001
10011101110011110001001011010000010111000000110010111111001110010100001101000100100111111101110101111010001111010101001010110001000001010100110011010010111100100101010111001010110100011110000010101011
01010110110011010101010010111110110100000001001011110010000010100110100000000011001100100011100010001110010010111101110000000011110100101011001001101011000010010001100110001001101001111001110011001011
00101111110101000001010111100000100001001111111111010100111001101110000100111111111010011011011010000000011001011101110101011001001111100101000010011110000001111100011101111001100101111010111110100110
11001000101100110010000011000000001011001000010100001110010010100001000111111011100001001011100001011100111000101010101111001001110100000000010000100000011000011001101101111000101100010011010111111000
10100101100001110100101100111110111000010001101010000110110111001110000000101110001001000110110001000001001011111011000110101100111010011011011011100000011010100000000110110111011010110011100110111010
11011100110001100100000100010110110110100101011011100011001011010000000100101111101111010110111001100110001001101101001000000101010001110100111100101001100100010011100000011001000110011011110101011001
00010011000111110100010011000110000110111100011110010110000101010010110000010001011001110100111001100010111111010001001101111000110110100011001111011111011110110111111010111101110101001100110100000101
01111100111001100001100010111110100110000101100111101011100101101110110100111010111100100101010111100011000001000010010111111000010000111001101010111111011100000010001000010001010010001000000010100111
01110000010010101000111111000101110001000110101110011001011001101111010011110010001011101010100110111101010011101110101010001010100000100001110010110011100010010001100101111000101000010111010100100010
11001010011010001010101111000111111000100001110011101101000011011001100111001110110001010011010100001001000000110110011101001110100011100110001101000001100111010011110111101001001111110111111101000000
10111100000000000011010010011100001100100111001000001111001110110011011000010001101101010011101101001111100100010010111101011101111111010001110000001100111001010111100010011111011100101011001010001011
01100101001010011011101010110111011000011101110010111100111010000110011010001100100000000100101100010100011101010101100011110010110110001111101000101010110001110001000101011001001111100000001010000110
00000100100110100101011000110100000101000111001011011111011010001111001010100100010101111110101100011001000011110100000100000100110001011111001100001011011110111011100111000111011110001010010110011001
10110010000000111100001011000001110000111011011001000010010000011101110001011011101010101000110011110001011011000010101111000111011010000010110010011001101010100010010110100100010010100001100011011110
10010010000001100100111101100011111111100110011011010011111111111100100011101100010011010000000111011110111101100111101111100110101001101100100100001101111010011011010100001110100011010101110110010110
10011000000001100111101101111011010110011011000111011010001100111011100110010100011010000101011011101000110000110101101100000010001011100100101000100100111111001001100111101001011001010110000001101100
11111101011010110010101101110001000100000001101100001011101001100011100101001111010100000010010100111011111001010001001111010001100101010101100011110000000111110110100011110111000110100011010000101100
10100011101101101001100111001111010100100001111011110101111100000011110001000000100000110001011000110001011100110001001100100100000011010001000001110101001110100101111110000100111000001101000111101110
00011001111100100010011110000101010011110001100100110100011000001001111010011000110011000001010011000010010100111000101001111011001001101110101011100001001110110000000100101110010101101011101001111001
11010011011111010110000000010011000111000001110010111000010111110010011010110000000000101010101001010001101010100100110111011101100100101110111001011100111000010100111110011111000101111111010000101111
01010011000110100011110110101000011001011001010111011010011111101110011100000001010010011110111100011001111010110100100010010111101111001010011100010010101010110110010100110111101100110100101101111110
01110111001001101110001111001111111000001100010000101001010101010100010110000011110101101000001010100010001000111000000110010100000100010000100101000110010001101001101001000001111010010010101010001101
11011000010001110010010101001101011011001011011001111110111001010001011000111110010010111000000110011100011111010110100000001011000101001111011100100110011100110000000010001001011010010111100011101000
11010011011001110100101101010110011110111001111101100111110010101011011011010110000000110101001011011011111110100000000110100000111000000111101100010001101010111101100001110001101011100100001011011010
01100101001011100010010011110000100110000010010110001000010000010110001101011111100101111111110011001010100001000011011000010011100100000111001110101111001101100101111101100011010101011010010111101010
00111011101111000001110011100001010100010010011100110101000101001101111001001111101011001110111001001000011000001011100010001110000001100100011111110010101101011000001111111010100110000110101110001010
00101000000010010101101001101000000110011101111010011010011110101001110011110111100100101101101001110101111110101100110111010010111011100111111110001111011010011100011100001000100001010011101000111100
11111010010011111101010111001101001010101110001110101101000010010101101000001111101111111001101110010111111101110101111000011010011001011100100111001100101001101110100001000100110010111101111101001110
10101000010001110111100110101001101011100000000100100011000001001110100010000000100111011010110000101111000000111001011100111101111010011001111000011110101001110000101101100111110000100110101111111101
01111000000000011010101110000010000101010010100001100110011100001010100011110101001000011110100001100000111101011111111011100011100100111000110011000110111000101000010001010111101011000010111110101110
00110110001110110100101000011100000001010110011101111010111101110100000010110111000100000001110000101011000101110010000011001010010000001000000000010101111110101011011000000001000010110010011010100110
11101100010001000011111110000111110101011101000111100110111010110101101011000110000111011011001011101001101001110010010010100110011001000101000010100010100100111101100111011101111110001000110010100111
01000000110110111010100010100000010001001101011000000110000110010100100010000011110010110111011000000000000010110011101010011100101111111110011111011101100001110000000011110000000100001000101010000100
10011011010110001111100111011001100001110111001100111001011010100101011010000111111101001011111110001000001111010100101101110011010101000110110111110000011011100110011101011111000101110101100101111111
10000011011101111100111100101100001011011100011011101010110100111110000101010110110011100001100110110000101010111001001000110111000110110000010011000101001010101111011000010001100100100111101000010100
10010110111010000101110000001110000000000011011101011101101000111111010100111001101111001010000100110110101000100001000010011000110011111000101010001010100110010000110101001000101100110011010110010100
01011011110010001001101000010011010100111110000100111110010111100100011000000110111001001010010101110010011100001111010101100011111111001010110000000001010011100001001001011011001011100001011100110100
00000001010111011110100111100001110010001101000011010101111010000010111110011100111000011011000001000100000110111001001001001101011110101101001010100100100111110001001101100000111101010001110001110110
01101110010000101100000011001011110001001000010101110100111010011100110110010001010111111011101101101011000001101110101010100010010000001100001010001100000100011001010011110100100000000101110001011011
10010000111111010000101000110101111001000100011111101000110010011100001010101110011000001011000000101011101010000000110101110101101000010000010000101000011011110011110011111111000110101001101010011001
01000011000111110110001011100100000100010011011100010000110010011000001000100111001111111111001001000110010010011111111101000110001001011011100001101000001101000101001010010000100110111010000100110101
01100000101101101110001010110010010111011101101111111111000110011100010010011100010101011110101010000011010010010111010110111001100000010100000101011111011001001101000010011100110111000000111110011010
10001011110110111000101001100010000011100000001011110001001000000011101011011101001110011001111010100101110001111110111101011010100101100001100110100010011011111011110000010111010000100011001000111110
00010101011100000001011001110100010101000111101001100101100111000100111010001000010111101011101010101011110111010111100100101011010010011100100110100110001010010111011010110000111000110101101111010111
10110110111100100110110000001010011011001110110000110110000100111000000101110000110010001001110101110101001110001100011001110000011111101001011111110111000011101111111011111110101110000110011100001000
0101011111000011100011100110101100000100100011101000011110100001