110000111100100101001000111011010100100000100000010100010010000111101101
10001111111100100110110000010000100101000011010011000001000100011000010011000111011011001010111010001010100111111000000001110101001110111100001000000101001010010001001010010000001000111111100000111101
00000101101101010011011000001000100110100100001001000111000111010000011011001100001111010100010111101100100010110111100010011000011000011110111110101111100110100100111111101100110110001010100000101001
10011101001100100001110000011101100000011000111010101100100000101111100110100001011011100100110100110000111100101101110101000000000100100000111110100001011111111101101001110111100000101011011111111101
11111001110111101010001001101000101100110101001010110100100110010110100111101010110001111111000001010101010101100010110100000000111010101111011110010100111001100010001010111011010001101001100011000000
01011000101000001111111011001101001101100101100111010000101000111101011100111001000101111101010100011000011110000010001100100001011111100110111001101110001110010111110111110011011001100010000110000011
10100010100000101001011001101100110100001000000011001101100001001000110111000100011001010100000000010010110001010011010010100011111101110100011111110010001101110100101111111111110000011101100011100011
10000000000100011011100111001011000000100011010001001101000100111001110110110101100110101110100011001001010010111011111100100000111110010100010000001000001011011001110010000011001000000001100001110101
11111111010001010101110110011000011010011010111010110010010111010110001001001111011001000010111011111111111111001000000001100000100101100010001110011110111010111100100011011101100101110100111111100101
10000001000101011001011000111011011101011000001011001111000110101110111110110011010000101101001011011011010011101011100110011111010011011100010010101011000100110111001011110000110100101011100111101100
00000110000001100110110011001101001000010011011111110101001101000100111101011010011100010011001011000000000110001000000110010001101000100111101101110101011000001010001010100010000101100011111111000000
01001011111111111000010001000101101001110101111010000010110110011110000011110101111011100010000101100101000100010001000110100110111111101101100111001111101101110101000100110100100011111000100100010010
10101001000011000000111001110000100001000011101100011100101001010000101010011100101000101101111110010111100010100000101111001101100111101100110001010010110001010001011110100101111110110010011000101111
10001110110010110101011110101000001010101010101011010111110110110000100001101100101000011001001110101001010101100011010011010001110001010001110000100101011000011001100010000110011110000110001001000101
11000110100100101110110001100100011000111100000011101001001001001010011111001101101000000001110110000011100000000100001100011000001101011000010010011101101110110111011100010100110001110110010010000101
01010100111001111000110101101111101111010100100000111000101111111111111000000011001110100000000111101100100001110101111010110101001100101000001001011110000111111011000011011111111110010110000101011111
01001000100101110111010100011100100100001111000001100111000000010010000000001111101001010100001110011101010100010111111011001111010111110100100000111010011010110011011110111101100000110111010110000010
00011100101110011000000000100111101101101000011001110110100100010101010100000101101100100001101001101010100100100001010000011011111011010110111010101010101111110111100001010011000001101100111010010011
01100010101110011101000001000101110101110101101101111100100011011100000100110101001011110010100110001110011111001001110101111111000001000110010011000101110110101101100100100001001110011101000111100010
10010100110000011100100110011101011101011010100111100000001100010100111101010001111010001001000101101000101011000000100100001001110101111111100111111100110111000100000011000010011111011000110000110000
01001000101111001010001100011101110011100010010100100111010001110010110000111011101000010111111111011000010011100101000110101100011110011010011100000100001001001101011101010000010010111010011110100001
10000111110001010011001110100000111010011001110110110001010011111100110000100101100100000001111000000100110001101010010100110101110101000100001010110010101010110110010011010110110101010111010111001010
10011101101101010011001100011110101110000011010001010001101100000000010000101111001110001110101111011100111010110000010010011011110011000000011101000100001000010001110011000101111100111011010001011101
11100111011010110100001001110010111101010101110111011000001111110100111010101011010100100111101010001001000001000001000111011011001111111110000100101000100011101011000010011011111000001110101011110100
00011101010001000110001001111100100011011111111110000011100100110000111101000011111011110111011111110111100011000000100111100111110011111011011101001101000010010101110001110010001110110000000011001011
11010001011111110000110001100000010010000101011010011001000101111111110011000010010111101101110010000010010101001001110100111000101110101100010101100101100101010100000111111010011010101101010110111100
01111110010110001000010000010101110101101111100110100101100001111011010011110011011100000101001100111010011010000101111100001010110000011110110011011110111100010000100110000011100010111111010101011011
01110101100001101100101111010000000111111000100100111000110001101000010101101101011111100001011001101011100011011100110001101011101010001110000100001111110001010000011001011110100100100000100011100100
00111001111011110001010110110001001100001010011011000011111101001000111001101101100100111110100000110110110011111101110010010111110000101011011111010001100111101010000111000110001011001110101010011010
10001011100101010101010110110011000010101000110110101011110000000011101101000010111100001101011100011110100011101100010010000100001000011100101001010111111000100011101000000110111010011010101010001110
11011010001001011011000101100010110010001110000111000001010101000100100011100111001010101111001011000010110011011101111101001001111101111001110010110011010011110101101111101101111011000100110001010000
00001011111011111110001101001100101111111000011111010000100110101110110011111110110010110010010111010011010010100111111110011000010110001111110110001000000100001111001110000001111110001010101001000111
10110110100011110000000001000001110101101101101011111010101000100000100000010010001110010111110111001111111001111100111010011111011010100001111011100010011001010001011100000010010011110110001011110110
01011000100101001100000110100001100101001101100110101011100000101011001110011011111011100000100110110011110110110101011010000000000101111011011110001010001100101011000101100010101101101100111100111111
10000000001111000001010001001100111010001010010010000111011011000111111100010101000101000101010011110001011011100001000100101101001111110101101111011100010111010001010010101000001111000000010111000100
00001011101011001011111000010011101101010011001101011000000010010100011100110001011010101000101001011111001110011111100010100001101011000110000111001010010100010000011010011000001101001110101011010101
01001110001101001010010110100000010000010010000001100010110111010110011010101100101101001000111010100001011001101101001001101010101110110010110001100111111001111000111010001101010110010011000111011000
00100101001000101100011001111100001011111010111111110001011110111110101111110110010010010100011000011101001010111000111110100101010011100010011110111001100101001100001110111110000000100000001100000101
11000000010110001100100101001010111010101011110001101111111001001000100001000001100100101110010111011010100010000100001000101010111101110100001000101110011000100000110110110101000101111101110000101111
01110000001001100110010001001100001001001111110001001100000010000110001011001111111101110110111011101011001101011100011000010001011010100111110001101100101000111110010000011011100101111010110000111110
11011101011010001010101101100101011001100000000001100110100010111001011001110000110101110111010101000111100101011000001111100001001011110111010100010100100101011101111111000101001111100110110101110001
10110111110001110011011111110000111011011001011100010001001011010101110110000100111011011101011111101011000011100110010010010010011001010110000111000010001111110101110010101001000101010000001010010110
11011010010101011001011101011101011100100101101001110000011101001000010011111110010111101010010110100000111100000000110100001100001110110001101010001010011000000110101111100000001100101100111000111010
00011011001110110001111110111110110111010110011110001001010100000000010101001001011100110110001111001111000110110011110011011010010110110000110111011100111110000110101011011000010000001001101000011000
10110011110011110010010111111010010000010101110101111101011001101001011001111111000010101110011111110111011101000100100000111100111101011010010000011110111101000101110110101111100000101100111010111011
00101000101010111011010100101000000001010110000011100010100010010100111011011101100111000000011111111001101000000011100001010000111100000010010111011001011111111000010011100101110100110111100000000001
10111100010010111111001001100110001001101000110101001001101000000011001101111110100010100000001000010010110001111100001110111101001010100101000101010100111000000001110000010010111000001100010110101000
00100110011011001111100000010111110010001110100100111111110101000111110000001000001010111011110111000010111100001011011000000010001111100110100001100111100100001000001011011001000100100000111001100001
01011000010001010001101110110010110100000111000111010111101111010110000001011011110111101011110100011100111001001010010111001010111001101100001010110000010100110011101101111101000011001101011100100011
00101011011000111100010001001100101111000010010101011010111110101010001111011010111010001011011000110011010111101110110101010101001110000000110000111000000010101011001110011101111100111000110101101001
11000010001000100100001110101111011111101101010011101111111111110100100010100110101001110100001000111000100111101010101100010100011101011000011011100111000110010111000001110001101100001111101000000001
01110011011001110000110011111110110000000111100110011101010100111101000100001010111010100010101011000000110100001100100100011101111000110101110010010110101111010100001100111110100110101011011001100001
01000011111010011111011000110011111100001000111111010110110111101111111110011011001100011001011101000000111010101010011001100000101011101000110100000111111010000111000001101110000101000010000100000110
00000101100011111001001101111111110001101011100111001010011101000001001011001011010001101111010010001011100111001010101010111101110110001011110100000100000100001110111110110001110000101110000001100011
11101001101010101011000111110100110010010111000100011111000011101111111000101010101110011001001001110001100101101101000100000100110001010110010000011001100100000100001111001010001010000000000000101111
01000111000101100110100100101110110110001100110100110100110001001001101011001101001010000000101100010001100010001101100100111110001111011000100000111010100101001110010101000110000011010001111100010100
00100101000101111101101111001011010111110011100011001011111001010100110010100110110101100010101101110010000000000111101010000011000000111010100111000101110001010110010110011101010001010001101101101000
11111011010010010010010110001010001101111111010110111101111111111000100000011110101110011100001001010100110110110110101110111100011001010111111100001011111100000010011101011000000001000111100100001011
011010001110111111001011011100011001000110000101110111011011101010110000110000010110000101001010101100110000101100101101000011011010010100000100110000111111010111011010010000000001101111001111