00111000
10101100100101001110001011010100111001111011100010111011000100000000100011101011111000110010001101000111011001100111111000000100010001100000001000100010011011111111111110110111110001010110110000101100
00100101100010100010011001010010110100001110001001111000100011001110111101110011101101011110110001000010110000011101011000010111001100111101010111100110100100111111110100111100011001010010011011111110
11000011111010001000101111100001101000111100101100001010110100011010011110000000011111111111010100100100101110111101011101001001111010010110100100101010110100101111000001001000110100111100110110000000
01100100001101001001110010100101100011011110010100000111111111101011100101100001110010001000011111010111000111011000111101001100101011101011111011011010010000110000000111001001100011010110000011001111
01100010001010011101001000111101111001010101101000001101110010100100010000101010111001010001011111111011110011000000111110111110000101101001101100000000001001010110110111110010110110101011100110000000
00100111101101001111000011000111101011100000010111100111010010111001000101001010000100000101001011100010001110001101110110100001110000011011011111000111001001101100010101100100100101101110011100111000
11100100111100100010000111000000000001010101101100110010110111010101011110111100100000101001100001001010011100100110010010110100001010011110010011011110101000100000101001100010110011101101011011101101
11000111011100101110101100001000111011101101001001010001010010101110001000111010110101100010010110000111001101111110000011011110000000000110000100010101101001110111000011010110011000000110000001101101
11101101101010000110100000111101110101001100100011000011101101111000111010101010110111001100000101100000110101110101101110000101001100000100001001100110101000100110111100101001001100000001011111011110
00101010011111111001000000110010010100011000011111010110100001001001011000000101111010110100001011011110011000011111101110011010111110111101111001010111101101100000001100111100100011011001000001001111
00011110100110011101010100000100011110110011000010110011110100001011011000101001100100100001001000000110110110000001001101101110101101101000101000110000011111001101100101001010111110111100000100010100
10000011110011111001101010100001101110001010010000001110001011100000100001011000110100111011010101011101111000010001111110010000111001001110111111111100010000010110010001001011011111010100101101011001
01001010011011011111001011110011010011111011110110101011111111111001100101011001010111011111000101110011010001001000110001100000011001110011001001110111000010111111000100000001011110111011101100101100
10001001110001000101011001011000011110010101110111000111010101110111110001111111100001101111110010011101100011011000000010000011100110010001111011111001111000011001010100000000010101000100100100100010
01000001010011000000110000100110000110010011001101110110011100001100101101010101101100110011100001101110110110011000100100111111100101100001111100101001001111010101100111101000000101010110111100101001
11111000001001000011000010001101111011101111100011000000110100011000001000001010111111011101101101000010101100000101100110000100111111000111001111011100011100111011101010101010101110001110001010010101
10011100101110101001101001011010011110100000101000110001110001010011111101111000001100001100101111111111111010010100001011001101010001111001100101101010011011010000011110111001110101001111010000110101
01001100101101001001000101110010011111010010110011010101011110011111111110100101100011010001110111100100001111101010100010001001000010111000111100001000001011000100001101001010001111100000111110100101
01011110110001010010100100110111001001000101001110101110010011011110001101100010011010000100101110110010101011000110001111100010111100100010011011110111001111011110000011010111011000101011001101111010
00001010100101111111111100011111000010001000000001011001010011010010101000000100110110110110001111111001100100110110101111111110101110010000011000111100100011010000010011001010111011100100010100010100
10010000000011011000110011100111000010011000011111000111110011100010110100111011110111110011111000001110100101100011000010110100000010100011010011000101000010010011001011000111000111101010011101100010
10100011111000011101000100111010011011011001100010010011000100110001010101111111010010111101011111100000100001110111101001111010100000010110111000010000110110001110100000100110001110111111000110000010
00011111011101111100100100000001100011011000000001110101111110001101110011010001010100000100011011001001101010001101111100111000111000101000011100010111111010011101011100001000111010110101101000111110
01001110100001100111011000100101110001111110111111101101101111001001111000100000011100111010000100010100110010111111100011101101010001000011111001100010010010010011110111100101001111110110000101010100
10101111100111001000111110100110010001111001011111000000000111001001100100100011111110001011101111111001001101000101111110101100101011110100000001000110001001010110101010001100110000010011101100011111
10001011011101110011110111001010101111101011111011101010111001101110101011010111111111101001100101011110110100100110101101000011011101100010001011001111110000100111010011111110000111101001010110011010
11000011001110111101001100011100011111010111110010010100110101101011111001111000110111111110000010011001101000101010110001100011001001001011100101001011110001000111100001011010011011101001000111011111
00011011011010001101100001100000100000010111101010111010101101111010111111111010010111111111110100110110010111010011001000000010010011111000001010110001111011000110110000000000111000001001111011000010
01000011001101110010000010111001111100101101100110010101011111110010000110110001110111001001000100001001000000010110100100110100101110101010001001011110000011001101001100101101110101000111101110101100
11111010010110101101100110001101101110110011001000111100100001000010101110101111001011101010001111101110110111111101100000001001111001101100000100000110001100001100111101101100111100100111000011111011
00100100111110000101110011101001111011010111100000110001010000001000101101110001011010001101000001001110100010101110000110010110000001011000011101101011001111010100111010001110110110011011100100111101
11101111101111010000011001101001110010111011100101010010100000111010011001011111010000000011001001001111010101001000101100000100111001101001111001001110000000101100100011010110010111101111000010110010
01110111100100011001000001101011100100110110110101011001010111001100101111010100010011100010000001011110001100100001101111100100100001101110010110000011010110011011010101010010011011101010000101110111
01101111111100111001010001101011101100111110110011111100101101010100001101100010000010011100111100000000111000011100000101010011110101100101010111100110101010100111110100001010001111110101011111111011
01001010010101011010001011110001101111010111000111001000111100101000011110001011010011101101011101000100111001010010011001001111001011100111000000010101110001001110100110011111011000011010101010001000
10110001011110001100011100101001110000111000101110001111000000100010111000110111101110111000001100111010111010011001100100111001001101010100001010000000101000001010000011010011110100110011110110011101
11001001000101000010101000000000011001010001010111111000100001011000010111101001001100000001111000011001110010000111001000011000000011011011111101101000001111010101001011000011101101010111001100001110
00001101001011001101011000111100011110010001101000111101001110100011001011101110100111000100101011100000000000110010001111110111110001010001011110100110101111010101000100001001010110001110111000110010
01010111100100110000101100101110100110100111110101100111001100110110011011100001111110000100010110000111101011001011000011011000100100000001100100010001111100111100101010000101011110000011000101111100
01110000100010001010011000001110001011000111101011000001110000010110010001101001100100111100000011001001011101001100001010001011101000110011001000101000101001000101001110010011110010111110110101001101
10100100001001100111001100111100011100101111011111100110110100111010001100110100101111111110101001101001111110101011110000011011111110001100010111101110000011111010100101100001011010110100000011001110
00001000011111001110010000110000010010101010110000111100101100001100001111100100011001101101111110011011011111010011000001001110000001011011100011010100101111000110101100011000010001101000111100011010
00110111101101101011010001000101011000000101010010111010111011001011100010100011011001110000100111101011000001001111011111100001110101000010011001000011011011010010101101110001100110001000011110100010
11011000111011110000100110100011000110111001010100101111101111100101101001010010011101100101000101001010100110101001011110111000110010100100101101100010111101101100011000000001001111111111101111100011
01111101000010001011011001011010110110000100101011100001101100111000011101101100010011111010010110000001001110011101001000100011010110100101100000111100001101110011100110001110101011011100001000011000
11101010010111100100110110011001101111110010011011010111011001101101101001100000111000001000100100011100001101001010110111000101011010101110000101111011111100010000100100000110010010011010000001010010
01000110111000111111010100011000011101100011100100000110100110001110001100001011011110110101001000011010011001011110001001000100010011100100001111110000011001011110101101000000000010010010110110101010
11001101101000010000100110000001000110010110010101110011001111000111010011001011000111000011001110011101010001000110110111111011111000111000010011110101100101110101111011101100010001001001000101101100
00010011011111010000010100111001110010101110000111100110101101011100111100111111101110100100110111101010000001110100100111000110111110001111110000100000001011001110111011001010000011001101011100101111
00111111100101010001000000011011011000100001101000100111110101001111110111111101010110001111110000110010001100110001010001001001101111001101110111010111010100100111110101001101010101111011100111000100
01110010101100011001011001000001110001100111010110100011010011100111100111101101110000101111000111010011111010111001011110101100000010010000001111011001011110110011000010111110001000010011001111111101
00010011011001000101010111000110101100000101011111001011011000110110110101001101100100010000111000011100010010111011111001000110010110000110100000100101111101101010011010111010001110000001101101011011
11110010111010011010001001111110001110010101001101111010010000111001101110111001100011101000001000010100110110110000100011011100110101000011101000000011100100100000111111001110100101101000001000011011
00110011011110111111000000001111100100001111011110000010111111111010111001001000101111111110100011110010110100001011000100110100101011100110001111001110100010101000100001011010100000101011111011011010
01111100001110100100011000010101000000011110110100110011101001011010000110111101001110001000111111000001111110011000101101001111110100000001110010101101101100011011011001011110000101001011111000101111
00000111101010110101100011000000100110101110000110100101001001100000100010111011011111000011100100111010010101110000010111010001110011101001001111010010111000100111111001100110101011011100110010110011
10100011101111011000101110000100001000010101111010010111000010101101001010110110000101001010001011101001101101100110110111110011010110111101111010011010111010100000001100100111111010000010011111110110
11001001010101111001000011001010101111110001001001101111101110010010111011011010111111100010010000101001110111100010111101010011100000100101110110101001100110011111000000110101011111101000101011110010
10111101001101100101100101111001111101010100101101101010